Index       FREQ            VDB(VOUT)         VM(VOUT)     
0        1.00000000e+00    2.36079292e+01    1.51494358e+01
1        1.02329299e+00    2.36079292e+01    1.51494358e+01
2        1.04712855e+00    2.36079292e+01    1.51494358e+01
3        1.07151931e+00    2.36079292e+01    1.51494358e+01
4        1.09647820e+00    2.36079292e+01    1.51494358e+01
5        1.12201845e+00    2.36079292e+01    1.51494358e+01
6        1.14815362e+00    2.36079292e+01    1.51494358e+01
7        1.17489755e+00    2.36079292e+01    1.51494358e+01
8        1.20226443e+00    2.36079292e+01    1.51494358e+01
9        1.23026877e+00    2.36079292e+01    1.51494358e+01
10       1.25892541e+00    2.36079292e+01    1.51494358e+01
11       1.28824955e+00    2.36079292e+01    1.51494358e+01
12       1.31825674e+00    2.36079292e+01    1.51494358e+01
13       1.34896288e+00    2.36079292e+01    1.51494358e+01
14       1.38038426e+00    2.36079292e+01    1.51494358e+01
15       1.41253754e+00    2.36079292e+01    1.51494358e+01
16       1.44543977e+00    2.36079292e+01    1.51494358e+01
17       1.47910839e+00    2.36079292e+01    1.51494358e+01
18       1.51356125e+00    2.36079292e+01    1.51494358e+01
19       1.54881662e+00    2.36079292e+01    1.51494358e+01
20       1.58489319e+00    2.36079292e+01    1.51494358e+01
21       1.62181010e+00    2.36079292e+01    1.51494358e+01
22       1.65958691e+00    2.36079292e+01    1.51494358e+01
23       1.69824365e+00    2.36079292e+01    1.51494358e+01
24       1.73780083e+00    2.36079292e+01    1.51494358e+01
25       1.77827941e+00    2.36079292e+01    1.51494358e+01
26       1.81970086e+00    2.36079291e+01    1.51494357e+01
27       1.86208714e+00    2.36079291e+01    1.51494357e+01
28       1.90546072e+00    2.36079291e+01    1.51494357e+01
29       1.94984460e+00    2.36079291e+01    1.51494357e+01
30       1.99526231e+00    2.36079291e+01    1.51494357e+01
31       2.04173794e+00    2.36079291e+01    1.51494357e+01
32       2.08929613e+00    2.36079291e+01    1.51494357e+01
33       2.13796209e+00    2.36079291e+01    1.51494357e+01
34       2.18776162e+00    2.36079291e+01    1.51494357e+01
35       2.23872114e+00    2.36079291e+01    1.51494357e+01
36       2.29086765e+00    2.36079291e+01    1.51494357e+01
37       2.34422882e+00    2.36079291e+01    1.51494357e+01
38       2.39883292e+00    2.36079291e+01    1.51494357e+01
39       2.45470892e+00    2.36079291e+01    1.51494357e+01
40       2.51188643e+00    2.36079291e+01    1.51494356e+01
41       2.57039578e+00    2.36079291e+01    1.51494356e+01
42       2.63026799e+00    2.36079291e+01    1.51494356e+01
43       2.69153480e+00    2.36079291e+01    1.51494356e+01
44       2.75422870e+00    2.36079291e+01    1.51494356e+01
45       2.81838293e+00    2.36079291e+01    1.51494356e+01
46       2.88403150e+00    2.36079291e+01    1.51494356e+01
47       2.95120923e+00    2.36079290e+01    1.51494356e+01
48       3.01995172e+00    2.36079290e+01    1.51494356e+01
49       3.09029543e+00    2.36079290e+01    1.51494355e+01
50       3.16227766e+00    2.36079290e+01    1.51494355e+01
51       3.23593657e+00    2.36079290e+01    1.51494355e+01
52       3.31131121e+00    2.36079290e+01    1.51494355e+01
53       3.38844156e+00    2.36079290e+01    1.51494355e+01
54       3.46736850e+00    2.36079290e+01    1.51494355e+01
55       3.54813389e+00    2.36079290e+01    1.51494354e+01
56       3.63078055e+00    2.36079290e+01    1.51494354e+01
57       3.71535229e+00    2.36079290e+01    1.51494354e+01
58       3.80189396e+00    2.36079289e+01    1.51494354e+01
59       3.89045145e+00    2.36079289e+01    1.51494354e+01
60       3.98107171e+00    2.36079289e+01    1.51494353e+01
61       4.07380278e+00    2.36079289e+01    1.51494353e+01
62       4.16869383e+00    2.36079289e+01    1.51494353e+01
63       4.26579519e+00    2.36079289e+01    1.51494353e+01
64       4.36515832e+00    2.36079289e+01    1.51494352e+01
65       4.46683592e+00    2.36079288e+01    1.51494352e+01
66       4.57088190e+00    2.36079288e+01    1.51494352e+01
67       4.67735141e+00    2.36079288e+01    1.51494351e+01
68       4.78630092e+00    2.36079288e+01    1.51494351e+01
69       4.89778819e+00    2.36079288e+01    1.51494351e+01
70       5.01187234e+00    2.36079287e+01    1.51494350e+01
71       5.12861384e+00    2.36079287e+01    1.51494350e+01
72       5.24807460e+00    2.36079287e+01    1.51494350e+01
73       5.37031796e+00    2.36079287e+01    1.51494349e+01
74       5.49540874e+00    2.36079286e+01    1.51494349e+01
75       5.62341325e+00    2.36079286e+01    1.51494348e+01
76       5.75439937e+00    2.36079286e+01    1.51494348e+01
77       5.88843655e+00    2.36079286e+01    1.51494347e+01
78       6.02559586e+00    2.36079285e+01    1.51494347e+01
79       6.16595002e+00    2.36079285e+01    1.51494346e+01
80       6.30957344e+00    2.36079285e+01    1.51494346e+01
81       6.45654229e+00    2.36079284e+01    1.51494345e+01
82       6.60693448e+00    2.36079284e+01    1.51494344e+01
83       6.76082975e+00    2.36079284e+01    1.51494344e+01
84       6.91830971e+00    2.36079283e+01    1.51494343e+01
85       7.07945784e+00    2.36079283e+01    1.51494342e+01
86       7.24435960e+00    2.36079282e+01    1.51494341e+01
87       7.41310241e+00    2.36079282e+01    1.51494341e+01
88       7.58577575e+00    2.36079281e+01    1.51494340e+01
89       7.76247117e+00    2.36079281e+01    1.51494339e+01
90       7.94328235e+00    2.36079280e+01    1.51494338e+01
91       8.12830516e+00    2.36079280e+01    1.51494337e+01
92       8.31763771e+00    2.36079279e+01    1.51494336e+01
93       8.51138038e+00    2.36079279e+01    1.51494335e+01
94       8.70963590e+00    2.36079278e+01    1.51494334e+01
95       8.91250938e+00    2.36079277e+01    1.51494333e+01
96       9.12010839e+00    2.36079277e+01    1.51494331e+01
97       9.33254301e+00    2.36079276e+01    1.51494330e+01
98       9.54992586e+00    2.36079275e+01    1.51494329e+01
99       9.77237221e+00    2.36079274e+01    1.51494327e+01
100      1.00000000e+01    2.36079273e+01    1.51494326e+01
101      1.02329299e+01    2.36079273e+01    1.51494324e+01
102      1.04712855e+01    2.36079272e+01    1.51494323e+01
103      1.07151931e+01    2.36079271e+01    1.51494321e+01
104      1.09647820e+01    2.36079270e+01    1.51494319e+01
105      1.12201845e+01    2.36079269e+01    1.51494317e+01
106      1.14815362e+01    2.36079267e+01    1.51494316e+01
107      1.17489755e+01    2.36079266e+01    1.51494313e+01
108      1.20226443e+01    2.36079265e+01    1.51494311e+01
109      1.23026877e+01    2.36079264e+01    1.51494309e+01
110      1.25892541e+01    2.36079262e+01    1.51494307e+01
111      1.28824955e+01    2.36079261e+01    1.51494304e+01
112      1.31825674e+01    2.36079260e+01    1.51494302e+01
113      1.34896288e+01    2.36079258e+01    1.51494299e+01
114      1.38038426e+01    2.36079256e+01    1.51494296e+01
115      1.41253754e+01    2.36079255e+01    1.51494293e+01
116      1.44543977e+01    2.36079253e+01    1.51494290e+01
117      1.47910839e+01    2.36079251e+01    1.51494287e+01
118      1.51356125e+01    2.36079249e+01    1.51494284e+01
119      1.54881662e+01    2.36079247e+01    1.51494280e+01
120      1.58489319e+01    2.36079245e+01    1.51494277e+01
121      1.62181010e+01    2.36079243e+01    1.51494273e+01
122      1.65958691e+01    2.36079241e+01    1.51494269e+01
123      1.69824365e+01    2.36079238e+01    1.51494265e+01
124      1.73780083e+01    2.36079236e+01    1.51494260e+01
125      1.77827941e+01    2.36079233e+01    1.51494255e+01
126      1.81970086e+01    2.36079230e+01    1.51494251e+01
127      1.86208714e+01    2.36079227e+01    1.51494246e+01
128      1.90546072e+01    2.36079224e+01    1.51494240e+01
129      1.94984460e+01    2.36079221e+01    1.51494235e+01
130      1.99526231e+01    2.36079218e+01    1.51494229e+01
131      2.04173794e+01    2.36079214e+01    1.51494223e+01
132      2.08929613e+01    2.36079211e+01    1.51494216e+01
133      2.13796209e+01    2.36079207e+01    1.51494210e+01
134      2.18776162e+01    2.36079203e+01    1.51494203e+01
135      2.23872114e+01    2.36079199e+01    1.51494196e+01
136      2.29086765e+01    2.36079194e+01    1.51494188e+01
137      2.34422882e+01    2.36079190e+01    1.51494180e+01
138      2.39883292e+01    2.36079185e+01    1.51494171e+01
139      2.45470892e+01    2.36079180e+01    1.51494163e+01
140      2.51188643e+01    2.36079175e+01    1.51494154e+01
141      2.57039578e+01    2.36079169e+01    1.51494144e+01
142      2.63026799e+01    2.36079163e+01    1.51494134e+01
143      2.69153480e+01    2.36079157e+01    1.51494123e+01
144      2.75422870e+01    2.36079151e+01    1.51494112e+01
145      2.81838293e+01    2.36079144e+01    1.51494101e+01
146      2.88403150e+01    2.36079137e+01    1.51494089e+01
147      2.95120923e+01    2.36079130e+01    1.51494076e+01
148      3.01995172e+01    2.36079123e+01    1.51494063e+01
149      3.09029543e+01    2.36079115e+01    1.51494049e+01
150      3.16227766e+01    2.36079106e+01    1.51494035e+01
151      3.23593657e+01    2.36079098e+01    1.51494020e+01
152      3.31131121e+01    2.36079089e+01    1.51494004e+01
153      3.38844156e+01    2.36079079e+01    1.51493987e+01
154      3.46736850e+01    2.36079069e+01    1.51493970e+01
155      3.54813389e+01    2.36079059e+01    1.51493952e+01
156      3.63078055e+01    2.36079048e+01    1.51493933e+01
157      3.71535229e+01    2.36079037e+01    1.51493913e+01
158      3.80189396e+01    2.36079025e+01    1.51493892e+01
159      3.89045145e+01    2.36079012e+01    1.51493871e+01
160      3.98107171e+01    2.36078999e+01    1.51493848e+01
161      4.07380278e+01    2.36078986e+01    1.51493824e+01
162      4.16869383e+01    2.36078972e+01    1.51493800e+01
163      4.26579519e+01    2.36078957e+01    1.51493774e+01
164      4.36515832e+01    2.36078941e+01    1.51493747e+01
165      4.46683592e+01    2.36078925e+01    1.51493718e+01
166      4.57088190e+01    2.36078908e+01    1.51493689e+01
167      4.67735141e+01    2.36078890e+01    1.51493658e+01
168      4.78630092e+01    2.36078872e+01    1.51493625e+01
169      4.89778819e+01    2.36078852e+01    1.51493592e+01
170      5.01187234e+01    2.36078832e+01    1.51493556e+01
171      5.12861384e+01    2.36078811e+01    1.51493519e+01
172      5.24807460e+01    2.36078789e+01    1.51493481e+01
173      5.37031796e+01    2.36078766e+01    1.51493440e+01
174      5.49540874e+01    2.36078742e+01    1.51493398e+01
175      5.62341325e+01    2.36078716e+01    1.51493354e+01
176      5.75439937e+01    2.36078690e+01    1.51493308e+01
177      5.88843655e+01    2.36078662e+01    1.51493260e+01
178      6.02559586e+01    2.36078634e+01    1.51493210e+01
179      6.16595002e+01    2.36078604e+01    1.51493158e+01
180      6.30957344e+01    2.36078573e+01    1.51493103e+01
181      6.45654229e+01    2.36078540e+01    1.51493046e+01
182      6.60693448e+01    2.36078506e+01    1.51492987e+01
183      6.76082975e+01    2.36078470e+01    1.51492925e+01
184      6.91830971e+01    2.36078433e+01    1.51492860e+01
185      7.07945784e+01    2.36078394e+01    1.51492793e+01
186      7.24435960e+01    2.36078354e+01    1.51492722e+01
187      7.41310241e+01    2.36078312e+01    1.51492649e+01
188      7.58577575e+01    2.36078268e+01    1.51492572e+01
189      7.76247117e+01    2.36078222e+01    1.51492493e+01
190      7.94328235e+01    2.36078175e+01    1.51492410e+01
191      8.12830516e+01    2.36078125e+01    1.51492323e+01
192      8.31763771e+01    2.36078073e+01    1.51492233e+01
193      8.51138038e+01    2.36078019e+01    1.51492139e+01
194      8.70963590e+01    2.36077963e+01    1.51492041e+01
195      8.91250938e+01    2.36077905e+01    1.51491939e+01
196      9.12010839e+01    2.36077844e+01    1.51491833e+01
197      9.33254301e+01    2.36077781e+01    1.51491723e+01
198      9.54992586e+01    2.36077715e+01    1.51491608e+01
199      9.77237221e+01    2.36077647e+01    1.51491489e+01
200      1.00000000e+02    2.36077576e+01    1.51491365e+01
201      1.02329299e+02    2.36077502e+01    1.51491237e+01
202      1.04712855e+02    2.36077426e+01    1.51491103e+01
203      1.07151931e+02    2.36077346e+01    1.51490964e+01
204      1.09647820e+02    2.36077263e+01    1.51490820e+01
205      1.12201845e+02    2.36077178e+01    1.51490671e+01
206      1.14815362e+02    2.36077089e+01    1.51490516e+01
207      1.17489755e+02    2.36076997e+01    1.51490355e+01
208      1.20226443e+02    2.36076901e+01    1.51490189e+01
209      1.23026877e+02    2.36076802e+01    1.51490016e+01
210      1.25892541e+02    2.36076700e+01    1.51489837e+01
211      1.28824955e+02    2.36076594e+01    1.51489652e+01
212      1.31825674e+02    2.36076484e+01    1.51489461e+01
213      1.34896288e+02    2.36076371e+01    1.51489263e+01
214      1.38038426e+02    2.36076254e+01    1.51489059e+01
215      1.41253754e+02    2.36076133e+01    1.51488848e+01
216      1.44543977e+02    2.36076008e+01    1.51488630e+01
217      1.47910839e+02    2.36075879e+01    1.51488405e+01
218      1.51356125e+02    2.36075746e+01    1.51488173e+01
219      1.54881662e+02    2.36075609e+01    1.51487935e+01
220      1.58489319e+02    2.36075468e+01    1.51487689e+01
221      1.62181010e+02    2.36075323e+01    1.51487435e+01
222      1.65958691e+02    2.36075173e+01    1.51487175e+01
223      1.69824365e+02    2.36075020e+01    1.51486907e+01
224      1.73780083e+02    2.36074862e+01    1.51486632e+01
225      1.77827941e+02    2.36074700e+01    1.51486350e+01
226      1.81970086e+02    2.36074534e+01    1.51486061e+01
227      1.86208714e+02    2.36074364e+01    1.51485764e+01
228      1.90546072e+02    2.36074190e+01    1.51485460e+01
229      1.94984460e+02    2.36074012e+01    1.51485150e+01
230      1.99526231e+02    2.36073830e+01    1.51484832e+01
231      2.04173794e+02    2.36073644e+01    1.51484507e+01
232      2.08929613e+02    2.36073454e+01    1.51484176e+01
233      2.13796209e+02    2.36073260e+01    1.51483838e+01
234      2.18776162e+02    2.36073062e+01    1.51483493e+01
235      2.23872114e+02    2.36072861e+01    1.51483143e+01
236      2.29086765e+02    2.36072657e+01    1.51482786e+01
237      2.34422882e+02    2.36072449e+01    1.51482423e+01
238      2.39883292e+02    2.36072238e+01    1.51482055e+01
239      2.45470892e+02    2.36072024e+01    1.51481682e+01
240      2.51188643e+02    2.36071807e+01    1.51481304e+01
241      2.57039578e+02    2.36071587e+01    1.51480921e+01
242      2.63026799e+02    2.36071365e+01    1.51480534e+01
243      2.69153480e+02    2.36071141e+01    1.51480142e+01
244      2.75422870e+02    2.36070915e+01    1.51479748e+01
245      2.81838293e+02    2.36070686e+01    1.51479349e+01
246      2.88403150e+02    2.36070456e+01    1.51478948e+01
247      2.95120923e+02    2.36070225e+01    1.51478545e+01
248      3.01995172e+02    2.36069992e+01    1.51478139e+01
249      3.09029543e+02    2.36069759e+01    1.51477732e+01
250      3.16227766e+02    2.36069525e+01    1.51477324e+01
251      3.23593657e+02    2.36069290e+01    1.51476914e+01
252      3.31131121e+02    2.36069055e+01    1.51476505e+01
253      3.38844156e+02    2.36068820e+01    1.51476095e+01
254      3.46736850e+02    2.36068586e+01    1.51475686e+01
255      3.54813389e+02    2.36068352e+01    1.51475278e+01
256      3.63078055e+02    2.36068118e+01    1.51474871e+01
257      3.71535229e+02    2.36067886e+01    1.51474466e+01
258      3.80189396e+02    2.36067655e+01    1.51474063e+01
259      3.89045145e+02    2.36067426e+01    1.51473663e+01
260      3.98107171e+02    2.36067198e+01    1.51473266e+01
261      4.07380278e+02    2.36066972e+01    1.51472872e+01
262      4.16869383e+02    2.36066748e+01    1.51472482e+01
263      4.26579519e+02    2.36066527e+01    1.51472096e+01
264      4.36515832e+02    2.36066308e+01    1.51471714e+01
265      4.46683592e+02    2.36066092e+01    1.51471338e+01
266      4.57088190e+02    2.36065879e+01    1.51470966e+01
267      4.67735141e+02    2.36065669e+01    1.51470600e+01
268      4.78630092e+02    2.36065462e+01    1.51470239e+01
269      4.89778819e+02    2.36065258e+01    1.51469884e+01
270      5.01187234e+02    2.36065058e+01    1.51469535e+01
271      5.12861384e+02    2.36064862e+01    1.51469192e+01
272      5.24807460e+02    2.36064669e+01    1.51468856e+01
273      5.37031796e+02    2.36064480e+01    1.51468527e+01
274      5.49540874e+02    2.36064295e+01    1.51468204e+01
275      5.62341325e+02    2.36064114e+01    1.51467889e+01
276      5.75439937e+02    2.36063937e+01    1.51467580e+01
277      5.88843655e+02    2.36063764e+01    1.51467278e+01
278      6.02559586e+02    2.36063595e+01    1.51466984e+01
279      6.16595002e+02    2.36063431e+01    1.51466697e+01
280      6.30957344e+02    2.36063270e+01    1.51466417e+01
281      6.45654229e+02    2.36063114e+01    1.51466144e+01
282      6.60693448e+02    2.36062962e+01    1.51465878e+01
283      6.76082975e+02    2.36062813e+01    1.51465620e+01
284      6.91830971e+02    2.36062669e+01    1.51465369e+01
285      7.07945784e+02    2.36062530e+01    1.51465125e+01
286      7.24435960e+02    2.36062394e+01    1.51464888e+01
287      7.41310241e+02    2.36062262e+01    1.51464659e+01
288      7.58577575e+02    2.36062134e+01    1.51464436e+01
289      7.76247117e+02    2.36062011e+01    1.51464220e+01
290      7.94328235e+02    2.36061891e+01    1.51464011e+01
291      8.12830516e+02    2.36061775e+01    1.51463809e+01
292      8.31763771e+02    2.36061662e+01    1.51463613e+01
293      8.51138038e+02    2.36061554e+01    1.51463423e+01
294      8.70963590e+02    2.36061449e+01    1.51463240e+01
295      8.91250938e+02    2.36061347e+01    1.51463064e+01
296      9.12010839e+02    2.36061249e+01    1.51462893e+01
297      9.33254301e+02    2.36061155e+01    1.51462728e+01
298      9.54992586e+02    2.36061064e+01    1.51462569e+01
299      9.77237221e+02    2.36060976e+01    1.51462416e+01
300      1.00000000e+03    2.36060891e+01    1.51462268e+01
301      1.02329299e+03    2.36060809e+01    1.51462125e+01
302      1.04712855e+03    2.36060731e+01    1.51461988e+01
303      1.07151931e+03    2.36060655e+01    1.51461856e+01
304      1.09647820e+03    2.36060582e+01    1.51461729e+01
305      1.12201845e+03    2.36060512e+01    1.51461606e+01
306      1.14815362e+03    2.36060444e+01    1.51461488e+01
307      1.17489755e+03    2.36060379e+01    1.51461375e+01
308      1.20226443e+03    2.36060316e+01    1.51461266e+01
309      1.23026877e+03    2.36060256e+01    1.51461161e+01
310      1.25892541e+03    2.36060199e+01    1.51461061e+01
311      1.28824955e+03    2.36060143e+01    1.51460964e+01
312      1.31825674e+03    2.36060090e+01    1.51460871e+01
313      1.34896288e+03    2.36060039e+01    1.51460782e+01
314      1.38038426e+03    2.36059990e+01    1.51460696e+01
315      1.41253754e+03    2.36059943e+01    1.51460614e+01
316      1.44543977e+03    2.36059897e+01    1.51460535e+01
317      1.47910839e+03    2.36059854e+01    1.51460459e+01
318      1.51356125e+03    2.36059812e+01    1.51460387e+01
319      1.54881662e+03    2.36059772e+01    1.51460317e+01
320      1.58489319e+03    2.36059734e+01    1.51460251e+01
321      1.62181010e+03    2.36059697e+01    1.51460187e+01
322      1.65958691e+03    2.36059662e+01    1.51460125e+01
323      1.69824365e+03    2.36059629e+01    1.51460066e+01
324      1.73780083e+03    2.36059596e+01    1.51460010e+01
325      1.77827941e+03    2.36059565e+01    1.51459956e+01
326      1.81970086e+03    2.36059536e+01    1.51459904e+01
327      1.86208714e+03    2.36059507e+01    1.51459855e+01
328      1.90546072e+03    2.36059480e+01    1.51459807e+01
329      1.94984460e+03    2.36059454e+01    1.51459762e+01
330      1.99526231e+03    2.36059429e+01    1.51459718e+01
331      2.04173794e+03    2.36059405e+01    1.51459676e+01
332      2.08929613e+03    2.36059382e+01    1.51459636e+01
333      2.13796209e+03    2.36059360e+01    1.51459598e+01
334      2.18776162e+03    2.36059339e+01    1.51459561e+01
335      2.23872114e+03    2.36059319e+01    1.51459526e+01
336      2.29086765e+03    2.36059300e+01    1.51459493e+01
337      2.34422882e+03    2.36059281e+01    1.51459461e+01
338      2.39883292e+03    2.36059264e+01    1.51459430e+01
339      2.45470892e+03    2.36059247e+01    1.51459400e+01
340      2.51188643e+03    2.36059230e+01    1.51459372e+01
341      2.57039578e+03    2.36059215e+01    1.51459345e+01
342      2.63026799e+03    2.36059200e+01    1.51459319e+01
343      2.69153480e+03    2.36059186e+01    1.51459295e+01
344      2.75422870e+03    2.36059172e+01    1.51459271e+01
345      2.81838293e+03    2.36059159e+01    1.51459248e+01
346      2.88403150e+03    2.36059147e+01    1.51459226e+01
347      2.95120923e+03    2.36059135e+01    1.51459206e+01
348      3.01995172e+03    2.36059123e+01    1.51459186e+01
349      3.09029543e+03    2.36059113e+01    1.51459167e+01
350      3.16227766e+03    2.36059102e+01    1.51459148e+01
351      3.23593657e+03    2.36059092e+01    1.51459131e+01
352      3.31131121e+03    2.36059082e+01    1.51459114e+01
353      3.38844156e+03    2.36059073e+01    1.51459098e+01
354      3.46736850e+03    2.36059064e+01    1.51459082e+01
355      3.54813389e+03    2.36059056e+01    1.51459068e+01
356      3.63078055e+03    2.36059048e+01    1.51459053e+01
357      3.71535229e+03    2.36059040e+01    1.51459040e+01
358      3.80189396e+03    2.36059032e+01    1.51459027e+01
359      3.89045145e+03    2.36059025e+01    1.51459014e+01
360      3.98107171e+03    2.36059018e+01    1.51459002e+01
361      4.07380278e+03    2.36059012e+01    1.51458991e+01
362      4.16869383e+03    2.36059005e+01    1.51458980e+01
363      4.26579519e+03    2.36058999e+01    1.51458969e+01
364      4.36515832e+03    2.36058993e+01    1.51458959e+01
365      4.46683592e+03    2.36058988e+01    1.51458949e+01
366      4.57088190e+03    2.36058982e+01    1.51458939e+01
367      4.67735141e+03    2.36058977e+01    1.51458930e+01
368      4.78630092e+03    2.36058972e+01    1.51458921e+01
369      4.89778819e+03    2.36058967e+01    1.51458912e+01
370      5.01187234e+03    2.36058962e+01    1.51458904e+01
371      5.12861384e+03    2.36058957e+01    1.51458896e+01
372      5.24807460e+03    2.36058953e+01    1.51458888e+01
373      5.37031796e+03    2.36058949e+01    1.51458881e+01
374      5.49540874e+03    2.36058945e+01    1.51458874e+01
375      5.62341325e+03    2.36058941e+01    1.51458867e+01
376      5.75439937e+03    2.36058937e+01    1.51458860e+01
377      5.88843655e+03    2.36058933e+01    1.51458853e+01
378      6.02559586e+03    2.36058929e+01    1.51458846e+01
379      6.16595002e+03    2.36058925e+01    1.51458840e+01
380      6.30957344e+03    2.36058922e+01    1.51458834e+01
381      6.45654229e+03    2.36058918e+01    1.51458828e+01
382      6.60693448e+03    2.36058915e+01    1.51458822e+01
383      6.76082975e+03    2.36058911e+01    1.51458816e+01
384      6.91830971e+03    2.36058908e+01    1.51458810e+01
385      7.07945784e+03    2.36058905e+01    1.51458804e+01
386      7.24435960e+03    2.36058901e+01    1.51458798e+01
387      7.41310241e+03    2.36058898e+01    1.51458793e+01
388      7.58577575e+03    2.36058895e+01    1.51458787e+01
389      7.76247117e+03    2.36058892e+01    1.51458782e+01
390      7.94328235e+03    2.36058889e+01    1.51458776e+01
391      8.12830516e+03    2.36058885e+01    1.51458770e+01
392      8.31763771e+03    2.36058882e+01    1.51458765e+01
393      8.51138038e+03    2.36058879e+01    1.51458759e+01
394      8.70963590e+03    2.36058876e+01    1.51458754e+01
395      8.91250938e+03    2.36058872e+01    1.51458748e+01
396      9.12010839e+03    2.36058869e+01    1.51458742e+01
397      9.33254301e+03    2.36058866e+01    1.51458736e+01
398      9.54992586e+03    2.36058862e+01    1.51458730e+01
399      9.77237221e+03    2.36058859e+01    1.51458724e+01
400      1.00000000e+04    2.36058855e+01    1.51458718e+01
401      1.02329299e+04    2.36058852e+01    1.51458712e+01
402      1.04712855e+04    2.36058848e+01    1.51458706e+01
403      1.07151931e+04    2.36058845e+01    1.51458699e+01
404      1.09647820e+04    2.36058841e+01    1.51458693e+01
405      1.12201845e+04    2.36058837e+01    1.51458686e+01
406      1.14815362e+04    2.36058833e+01    1.51458679e+01
407      1.17489755e+04    2.36058829e+01    1.51458672e+01
408      1.20226443e+04    2.36058824e+01    1.51458664e+01
409      1.23026877e+04    2.36058820e+01    1.51458657e+01
410      1.25892541e+04    2.36058816e+01    1.51458649e+01
411      1.28824955e+04    2.36058811e+01    1.51458640e+01
412      1.31825674e+04    2.36058806e+01    1.51458632e+01
413      1.34896288e+04    2.36058801e+01    1.51458623e+01
414      1.38038426e+04    2.36058796e+01    1.51458614e+01
415      1.41253754e+04    2.36058790e+01    1.51458605e+01
416      1.44543977e+04    2.36058785e+01    1.51458595e+01
417      1.47910839e+04    2.36058779e+01    1.51458585e+01
418      1.51356125e+04    2.36058773e+01    1.51458574e+01
419      1.54881662e+04    2.36058767e+01    1.51458563e+01
420      1.58489319e+04    2.36058760e+01    1.51458552e+01
421      1.62181010e+04    2.36058753e+01    1.51458540e+01
422      1.65958691e+04    2.36058746e+01    1.51458527e+01
423      1.69824365e+04    2.36058739e+01    1.51458514e+01
424      1.73780083e+04    2.36058731e+01    1.51458501e+01
425      1.77827941e+04    2.36058723e+01    1.51458487e+01
426      1.81970086e+04    2.36058714e+01    1.51458472e+01
427      1.86208714e+04    2.36058706e+01    1.51458457e+01
428      1.90546072e+04    2.36058696e+01    1.51458441e+01
429      1.94984460e+04    2.36058687e+01    1.51458424e+01
430      1.99526231e+04    2.36058677e+01    1.51458407e+01
431      2.04173794e+04    2.36058666e+01    1.51458389e+01
432      2.08929613e+04    2.36058655e+01    1.51458369e+01
433      2.13796209e+04    2.36058644e+01    1.51458350e+01
434      2.18776162e+04    2.36058632e+01    1.51458329e+01
435      2.23872114e+04    2.36058620e+01    1.51458307e+01
436      2.29086765e+04    2.36058607e+01    1.51458284e+01
437      2.34422882e+04    2.36058593e+01    1.51458261e+01
438      2.39883292e+04    2.36058579e+01    1.51458236e+01
439      2.45470892e+04    2.36058564e+01    1.51458210e+01
440      2.51188643e+04    2.36058548e+01    1.51458182e+01
441      2.57039578e+04    2.36058532e+01    1.51458154e+01
442      2.63026799e+04    2.36058515e+01    1.51458124e+01
443      2.69153480e+04    2.36058497e+01    1.51458093e+01
444      2.75422870e+04    2.36058478e+01    1.51458060e+01
445      2.81838293e+04    2.36058459e+01    1.51458026e+01
446      2.88403150e+04    2.36058438e+01    1.51457991e+01
447      2.95120923e+04    2.36058417e+01    1.51457953e+01
448      3.01995172e+04    2.36058394e+01    1.51457914e+01
449      3.09029543e+04    2.36058371e+01    1.51457873e+01
450      3.16227766e+04    2.36058346e+01    1.51457830e+01
451      3.23593657e+04    2.36058320e+01    1.51457785e+01
452      3.31131121e+04    2.36058294e+01    1.51457738e+01
453      3.38844156e+04    2.36058265e+01    1.51457689e+01
454      3.46736850e+04    2.36058236e+01    1.51457638e+01
455      3.54813389e+04    2.36058205e+01    1.51457584e+01
456      3.63078055e+04    2.36058173e+01    1.51457528e+01
457      3.71535229e+04    2.36058139e+01    1.51457469e+01
458      3.80189396e+04    2.36058103e+01    1.51457407e+01
459      3.89045145e+04    2.36058066e+01    1.51457342e+01
460      3.98107171e+04    2.36058027e+01    1.51457274e+01
461      4.07380278e+04    2.36057987e+01    1.51457203e+01
462      4.16869383e+04    2.36057944e+01    1.51457129e+01
463      4.26579519e+04    2.36057900e+01    1.51457051e+01
464      4.36515832e+04    2.36057853e+01    1.51456970e+01
465      4.46683592e+04    2.36057804e+01    1.51456885e+01
466      4.57088190e+04    2.36057753e+01    1.51456796e+01
467      4.67735141e+04    2.36057699e+01    1.51456702e+01
468      4.78630092e+04    2.36057643e+01    1.51456604e+01
469      4.89778819e+04    2.36057584e+01    1.51456502e+01
470      5.01187234e+04    2.36057523e+01    1.51456395e+01
471      5.12861384e+04    2.36057458e+01    1.51456282e+01
472      5.24807460e+04    2.36057391e+01    1.51456165e+01
473      5.37031796e+04    2.36057320e+01    1.51456042e+01
474      5.49540874e+04    2.36057247e+01    1.51455913e+01
475      5.62341325e+04    2.36057169e+01    1.51455778e+01
476      5.75439937e+04    2.36057088e+01    1.51455636e+01
477      5.88843655e+04    2.36057003e+01    1.51455488e+01
478      6.02559586e+04    2.36056914e+01    1.51455333e+01
479      6.16595002e+04    2.36056821e+01    1.51455171e+01
480      6.30957344e+04    2.36056724e+01    1.51455001e+01
481      6.45654229e+04    2.36056622e+01    1.51454823e+01
482      6.60693448e+04    2.36056515e+01    1.51454637e+01
483      6.76082975e+04    2.36056403e+01    1.51454442e+01
484      6.91830971e+04    2.36056286e+01    1.51454238e+01
485      7.07945784e+04    2.36056163e+01    1.51454024e+01
486      7.24435960e+04    2.36056035e+01    1.51453800e+01
487      7.41310241e+04    2.36055900e+01    1.51453565e+01
488      7.58577575e+04    2.36055760e+01    1.51453320e+01
489      7.76247117e+04    2.36055612e+01    1.51453063e+01
490      7.94328235e+04    2.36055458e+01    1.51452794e+01
491      8.12830516e+04    2.36055296e+01    1.51452512e+01
492      8.31763771e+04    2.36055127e+01    1.51452216e+01
493      8.51138038e+04    2.36054949e+01    1.51451907e+01
494      8.70963590e+04    2.36054764e+01    1.51451584e+01
495      8.91250938e+04    2.36054569e+01    1.51451245e+01
496      9.12010839e+04    2.36054366e+01    1.51450890e+01
497      9.33254301e+04    2.36054153e+01    1.51450518e+01
498      9.54992586e+04    2.36053930e+01    1.51450129e+01
499      9.77237221e+04    2.36053696e+01    1.51449722e+01
500      1.00000000e+05    2.36053451e+01    1.51449295e+01
501      1.02329299e+05    2.36053195e+01    1.51448848e+01
502      1.04712855e+05    2.36052927e+01    1.51448381e+01
503      1.07151931e+05    2.36052646e+01    1.51447891e+01
504      1.09647820e+05    2.36052352e+01    1.51447378e+01
505      1.12201845e+05    2.36052044e+01    1.51446841e+01
506      1.14815362e+05    2.36051721e+01    1.51446278e+01
507      1.17489755e+05    2.36051383e+01    1.51445690e+01
508      1.20226443e+05    2.36051030e+01    1.51445073e+01
509      1.23026877e+05    2.36050659e+01    1.51444427e+01
510      1.25892541e+05    2.36050272e+01    1.51443751e+01
511      1.28824955e+05    2.36049866e+01    1.51443043e+01
512      1.31825674e+05    2.36049441e+01    1.51442302e+01
513      1.34896288e+05    2.36048995e+01    1.51441526e+01
514      1.38038426e+05    2.36048529e+01    1.51440713e+01
515      1.41253754e+05    2.36048041e+01    1.51439862e+01
516      1.44543977e+05    2.36047530e+01    1.51438971e+01
517      1.47910839e+05    2.36046995e+01    1.51438038e+01
518      1.51356125e+05    2.36046434e+01    1.51437061e+01
519      1.54881662e+05    2.36045847e+01    1.51436037e+01
520      1.58489319e+05    2.36045233e+01    1.51434966e+01
521      1.62181010e+05    2.36044590e+01    1.51433844e+01
522      1.65958691e+05    2.36043916e+01    1.51432670e+01
523      1.69824365e+05    2.36043210e+01    1.51431440e+01
524      1.73780083e+05    2.36042472e+01    1.51430152e+01
525      1.77827941e+05    2.36041698e+01    1.51428803e+01
526      1.81970086e+05    2.36040888e+01    1.51427391e+01
527      1.86208714e+05    2.36040040e+01    1.51425913e+01
528      1.90546072e+05    2.36039152e+01    1.51424364e+01
529      1.94984460e+05    2.36038222e+01    1.51422743e+01
530      1.99526231e+05    2.36037248e+01    1.51421046e+01
531      2.04173794e+05    2.36036229e+01    1.51419268e+01
532      2.08929613e+05    2.36035161e+01    1.51417407e+01
533      2.13796209e+05    2.36034043e+01    1.51415459e+01
534      2.18776162e+05    2.36032873e+01    1.51413418e+01
535      2.23872114e+05    2.36031647e+01    1.51411282e+01
536      2.29086765e+05    2.36030364e+01    1.51409044e+01
537      2.34422882e+05    2.36029020e+01    1.51406702e+01
538      2.39883292e+05    2.36027613e+01    1.51404249e+01
539      2.45470892e+05    2.36026139e+01    1.51401681e+01
540      2.51188643e+05    2.36024597e+01    1.51398992e+01
541      2.57039578e+05    2.36022981e+01    1.51396176e+01
542      2.63026799e+05    2.36021290e+01    1.51393228e+01
543      2.69153480e+05    2.36019518e+01    1.51390141e+01
544      2.75422870e+05    2.36017664e+01    1.51386908e+01
545      2.81838293e+05    2.36015722e+01    1.51383524e+01
546      2.88403150e+05    2.36013689e+01    1.51379980e+01
547      2.95120923e+05    2.36011560e+01    1.51376270e+01
548      3.01995172e+05    2.36009331e+01    1.51372385e+01
549      3.09029543e+05    2.36006996e+01    1.51368317e+01
550      3.16227766e+05    2.36004552e+01    1.51364058e+01
551      3.23593657e+05    2.36001993e+01    1.51359598e+01
552      3.31131121e+05    2.35999314e+01    1.51354929e+01
553      3.38844156e+05    2.35996508e+01    1.51350040e+01
554      3.46736850e+05    2.35993571e+01    1.51344922e+01
555      3.54813389e+05    2.35990495e+01    1.51339562e+01
556      3.63078055e+05    2.35987274e+01    1.51333951e+01
557      3.71535229e+05    2.35983902e+01    1.51328076e+01
558      3.80189396e+05    2.35980371e+01    1.51321924e+01
559      3.89045145e+05    2.35976674e+01    1.51315484e+01
560      3.98107171e+05    2.35972803e+01    1.51308741e+01
561      4.07380278e+05    2.35968751e+01    1.51301681e+01
562      4.16869383e+05    2.35964507e+01    1.51294290e+01
563      4.26579519e+05    2.35960064e+01    1.51286551e+01
564      4.36515832e+05    2.35955412e+01    1.51278449e+01
565      4.46683592e+05    2.35950542e+01    1.51269966e+01
566      4.57088190e+05    2.35945442e+01    1.51261085e+01
567      4.67735141e+05    2.35940103e+01    1.51251787e+01
568      4.78630092e+05    2.35934513e+01    1.51242053e+01
569      4.89778819e+05    2.35928660e+01    1.51231863e+01
570      5.01187234e+05    2.35922532e+01    1.51221194e+01
571      5.12861384e+05    2.35916117e+01    1.51210024e+01
572      5.24807460e+05    2.35909400e+01    1.51198331e+01
573      5.37031796e+05    2.35902367e+01    1.51186090e+01
574      5.49540874e+05    2.35895005e+01    1.51173275e+01
575      5.62341325e+05    2.35887296e+01    1.51159860e+01
576      5.75439937e+05    2.35879226e+01    1.51145816e+01
577      5.88843655e+05    2.35870777e+01    1.51131115e+01
578      6.02559586e+05    2.35861932e+01    1.51115725e+01
579      6.16595002e+05    2.35852672e+01    1.51099615e+01
580      6.30957344e+05    2.35842977e+01    1.51082751e+01
581      6.45654229e+05    2.35832828e+01    1.51065099e+01
582      6.60693448e+05    2.35822203e+01    1.51046621e+01
583      6.76082975e+05    2.35811080e+01    1.51027280e+01
584      6.91830971e+05    2.35799436e+01    1.51007035e+01
585      7.07945784e+05    2.35787247e+01    1.50985845e+01
586      7.24435960e+05    2.35774487e+01    1.50963666e+01
587      7.41310241e+05    2.35761129e+01    1.50940452e+01
588      7.58577575e+05    2.35747146e+01    1.50916155e+01
589      7.76247117e+05    2.35732510e+01    1.50890726e+01
590      7.94328235e+05    2.35717188e+01    1.50864112e+01
591      8.12830516e+05    2.35701151e+01    1.50836259e+01
592      8.31763771e+05    2.35684363e+01    1.50807110e+01
593      8.51138038e+05    2.35666792e+01    1.50776605e+01
594      8.70963590e+05    2.35648400e+01    1.50744682e+01
595      8.91250938e+05    2.35629150e+01    1.50711277e+01
596      9.12010839e+05    2.35609002e+01    1.50676321e+01
597      9.33254301e+05    2.35587914e+01    1.50639744e+01
598      9.54992586e+05    2.35565843e+01    1.50601471e+01
599      9.77237221e+05    2.35542744e+01    1.50561426e+01
600      1.00000000e+06    2.35518569e+01    1.50519528e+01
601      1.02329299e+06    2.35493270e+01    1.50475692e+01
602      1.04712855e+06    2.35466794e+01    1.50429832e+01
603      1.07151931e+06    2.35439088e+01    1.50381856e+01
604      1.09647820e+06    2.35410095e+01    1.50331667e+01
605      1.12201845e+06    2.35379756e+01    1.50279167e+01
606      1.14815362e+06    2.35348010e+01    1.50224252e+01
607      1.17489755e+06    2.35314793e+01    1.50166813e+01
608      1.20226443e+06    2.35280037e+01    1.50106738e+01
609      1.23026877e+06    2.35243674e+01    1.50043908e+01
610      1.25892541e+06    2.35205629e+01    1.49978202e+01
611      1.28824955e+06    2.35165827e+01    1.49909492e+01
612      1.31825674e+06    2.35124188e+01    1.49837645e+01
613      1.34896288e+06    2.35080629e+01    1.49762522e+01
614      1.38038426e+06    2.35035064e+01    1.49683980e+01
615      1.41253754e+06    2.34987404e+01    1.49601869e+01
616      1.44543977e+06    2.34937553e+01    1.49516032e+01
617      1.47910839e+06    2.34885413e+01    1.49426308e+01
618      1.51356125e+06    2.34830884e+01    1.49332529e+01
619      1.54881662e+06    2.34773858e+01    1.49234519e+01
620      1.58489319e+06    2.34714224e+01    1.49132096e+01
621      1.62181010e+06    2.34651868e+01    1.49025072e+01
622      1.65958691e+06    2.34586669e+01    1.48913251e+01
623      1.69824365e+06    2.34518502e+01    1.48796429e+01
624      1.73780083e+06    2.34447236e+01    1.48674395e+01
625      1.77827941e+06    2.34372737e+01    1.48546932e+01
626      1.81970086e+06    2.34294864e+01    1.48413812e+01
627      1.86208714e+06    2.34213470e+01    1.48274802e+01
628      1.90546072e+06    2.34128404e+01    1.48129657e+01
629      1.94984460e+06    2.34039506e+01    1.47978129e+01
630      1.99526231e+06    2.33946614e+01    1.47819956e+01
631      2.04173794e+06    2.33849556e+01    1.47654871e+01
632      2.08929613e+06    2.33748156e+01    1.47482598e+01
633      2.13796209e+06    2.33642230e+01    1.47302850e+01
634      2.18776162e+06    2.33531588e+01    1.47115333e+01
635      2.23872114e+06    2.33416033e+01    1.46919745e+01
636      2.29086765e+06    2.33295361e+01    1.46715772e+01
637      2.34422882e+06    2.33169360e+01    1.46503095e+01
638      2.39883292e+06    2.33037811e+01    1.46281383e+01
639      2.45470892e+06    2.32900489e+01    1.46050297e+01
640      2.51188643e+06    2.32757158e+01    1.45809490e+01
641      2.57039578e+06    2.32607578e+01    1.45558607e+01
642      2.63026799e+06    2.32451498e+01    1.45297282e+01
643      2.69153480e+06    2.32288662e+01    1.45025145e+01
644      2.75422870e+06    2.32118803e+01    1.44741815e+01
645      2.81838293e+06    2.31941648e+01    1.44446905e+01
646      2.88403150e+06    2.31756916e+01    1.44140020e+01
647      2.95120923e+06    2.31564315e+01    1.43820759e+01
648      3.01995172e+06    2.31363549e+01    1.43488715e+01
649      3.09029543e+06    2.31154311e+01    1.43143475e+01
650      3.16227766e+06    2.30936287e+01    1.42784622e+01
651      3.23593657e+06    2.30709155e+01    1.42411734e+01
652      3.31131121e+06    2.30472585e+01    1.42024387e+01
653      3.38844156e+06    2.30226239e+01    1.41622154e+01
654      3.46736850e+06    2.29969772e+01    1.41204604e+01
655      3.54813389e+06    2.29702831e+01    1.40771311e+01
656      3.63078055e+06    2.29425057e+01    1.40321845e+01
657      3.71535229e+06    2.29136084e+01    1.39855780e+01
658      3.80189396e+06    2.28835539e+01    1.39372694e+01
659      3.89045145e+06    2.28523042e+01    1.38872167e+01
660      3.98107171e+06    2.28198211e+01    1.38353788e+01
661      4.07380278e+06    2.27860654e+01    1.37817152e+01
662      4.16869383e+06    2.27509978e+01    1.37261864e+01
663      4.26579519e+06    2.27145786e+01    1.36687540e+01
664      4.36515832e+06    2.26767674e+01    1.36093809e+01
665      4.46683592e+06    2.26375239e+01    1.35480315e+01
666      4.57088190e+06    2.25968075e+01    1.34846717e+01
667      4.67735141e+06    2.25545774e+01    1.34192694e+01
668      4.78630092e+06    2.25107928e+01    1.33517945e+01
669      4.89778819e+06    2.24654129e+01    1.32822192e+01
670      5.01187234e+06    2.24183970e+01    1.32105182e+01
671      5.12861384e+06    2.23697049e+01    1.31366687e+01
672      5.24807460e+06    2.23192964e+01    1.30606509e+01
673      5.37031796e+06    2.22671319e+01    1.29824481e+01
674      5.49540874e+06    2.22131722e+01    1.29020467e+01
675      5.62341325e+06    2.21573789e+01    1.28194368e+01
676      5.75439937e+06    2.20997143e+01    1.27346120e+01
677      5.88843655e+06    2.20401416e+01    1.26475697e+01
678      6.02559586e+06    2.19786249e+01    1.25583113e+01
679      6.16595002e+06    2.19151294e+01    1.24668424e+01
680      6.30957344e+06    2.18496216e+01    1.23731729e+01
681      6.45654229e+06    2.17820693e+01    1.22773169e+01
682      6.60693448e+06    2.17124417e+01    1.21792932e+01
683      6.76082975e+06    2.16407096e+01    1.20791252e+01
684      6.91830971e+06    2.15668454e+01    1.19768406e+01
685      7.07945784e+06    2.14908233e+01    1.18724723e+01
686      7.24435960e+06    2.14126193e+01    1.17660574e+01
687      7.41310241e+06    2.13322114e+01    1.16576381e+01
688      7.58577575e+06    2.12495796e+01    1.15472610e+01
689      7.76247117e+06    2.11647061e+01    1.14349773e+01
690      7.94328235e+06    2.10775752e+01    1.13208428e+01
691      8.12830516e+06    2.09881734e+01    1.12049177e+01
692      8.31763771e+06    2.08964897e+01    1.10872665e+01
693      8.51138038e+06    2.08025153e+01    1.09679576e+01
694      8.70963590e+06    2.07062438e+01    1.08470636e+01
695      8.91250938e+06    2.06076712e+01    1.07246606e+01
696      9.12010839e+06    2.05067960e+01    1.06008283e+01
697      9.33254301e+06    2.04036191e+01    1.04756494e+01
698      9.54992586e+06    2.02981439e+01    1.03492099e+01
699      9.77237221e+06    2.01903762e+01    1.02215983e+01
700      1.00000000e+07    2.00803241e+01    1.00929054e+01
701      1.02329299e+07    1.99679980e+01    9.96322418e+00
702      1.04712855e+07    1.98534110e+01    9.83264932e+00
703      1.07151931e+07    1.97365781e+01    9.70127696e+00
704      1.09647820e+07    1.96175165e+01    9.56920428e+00
705      1.12201845e+07    1.94962458e+01    9.43652927e+00
706      1.14815362e+07    1.93727875e+01    9.30335031e+00
707      1.17489755e+07    1.92471650e+01    9.16976589e+00
708      1.20226443e+07    1.91194036e+01    9.03587430e+00
709      1.23026877e+07    1.89895306e+01    8.90177328e+00
710      1.25892541e+07    1.88575747e+01    8.76755972e+00
711      1.28824955e+07    1.87235662e+01    8.63332940e+00
712      1.31825674e+07    1.85875372e+01    8.49917668e+00
713      1.34896288e+07    1.84495206e+01    8.36519428e+00
714      1.38038426e+07    1.83095511e+01    8.23147295e+00
715      1.41253754e+07    1.81676642e+01    8.09810135e+00
716      1.44543977e+07    1.80238963e+01    7.96516574e+00
717      1.47910839e+07    1.78782851e+01    7.83274985e+00
718      1.51356125e+07    1.77308688e+01    7.70093470e+00
719      1.54881662e+07    1.75816863e+01    7.56979843e+00
720      1.58489319e+07    1.74307771e+01    7.43941616e+00
721      1.62181010e+07    1.72781811e+01    7.30985991e+00
722      1.65958691e+07    1.71239386e+01    7.18119849e+00
723      1.69824365e+07    1.69680902e+01    7.05349742e+00
724      1.73780083e+07    1.68106766e+01    6.92681887e+00
725      1.77827941e+07    1.66517386e+01    6.80122164e+00
726      1.81970086e+07    1.64913168e+01    6.67676111e+00
727      1.86208714e+07    1.63294519e+01    6.55348928e+00
728      1.90546072e+07    1.61661843e+01    6.43145472e+00
729      1.94984460e+07    1.60015543e+01    6.31070264e+00
730      1.99526231e+07    1.58356017e+01    6.19127487e+00
731      2.04173794e+07    1.56683659e+01    6.07320998e+00
732      2.08929613e+07    1.54998860e+01    5.95654329e+00
733      2.13796209e+07    1.53302005e+01    5.84130692e+00
734      2.18776162e+07    1.51593473e+01    5.72752992e+00
735      2.23872114e+07    1.49873639e+01    5.61523831e+00
736      2.29086765e+07    1.48142868e+01    5.50445518e+00
737      2.34422882e+07    1.46401522e+01    5.39520078e+00
738      2.39883292e+07    1.44649955e+01    5.28749262e+00
739      2.45470892e+07    1.42888512e+01    5.18134560e+00
740      2.51188643e+07    1.41117533e+01    5.07677206e+00
741      2.57039578e+07    1.39337348e+01    4.97378193e+00
742      2.63026799e+07    1.37548281e+01    4.87238284e+00
743      2.69153480e+07    1.35750647e+01    4.77258019e+00
744      2.75422870e+07    1.33944753e+01    4.67437730e+00
745      2.81838293e+07    1.32130898e+01    4.57777549e+00
746      2.88403150e+07    1.30309373e+01    4.48277421e+00
747      2.95120923e+07    1.28480461e+01    4.38937113e+00
748      3.01995172e+07    1.26644435e+01    4.29756226e+00
749      3.09029543e+07    1.24801564e+01    4.20734203e+00
750      3.16227766e+07    1.22952104e+01    4.11870341e+00
751      3.23593657e+07    1.21096306e+01    4.03163801e+00
752      3.31131121e+07    1.19234413e+01    3.94613613e+00
753      3.38844156e+07    1.17366658e+01    3.86218693e+00
754      3.46736850e+07    1.15493269e+01    3.77977845e+00
755      3.54813389e+07    1.13614465e+01    3.69889772e+00
756      3.63078055e+07    1.11730457e+01    3.61953085e+00
757      3.71535229e+07    1.09841449e+01    3.54166310e+00
758      3.80189396e+07    1.07947640e+01    3.46527893e+00
759      3.89045145e+07    1.06049218e+01    3.39036214e+00
760      3.98107171e+07    1.04146367e+01    3.31689585e+00
761      4.07380278e+07    1.02239264e+01    3.24486265e+00
762      4.16869383e+07    1.00328078e+01    3.17424459e+00
763      4.26579519e+07    9.84129722e+00    3.10502328e+00
764      4.36515832e+07    9.64941047e+00    3.03717995e+00
765      4.46683592e+07    9.45716263e+00    2.97069545e+00
766      4.57088190e+07    9.26456823e+00    2.90555039e+00
767      4.67735141e+07    9.07164119e+00    2.84172508e+00
768      4.78630092e+07    8.87839493e+00    2.77919965e+00
769      4.89778819e+07    8.68484229e+00    2.71795408e+00
770      5.01187234e+07    8.49099559e+00    2.65796819e+00
771      5.12861384e+07    8.29686664e+00    2.59922175e+00
772      5.24807460e+07    8.10246677e+00    2.54169444e+00
773      5.37031796e+07    7.90780682e+00    2.48536593e+00
774      5.49540874e+07    7.71289717e+00    2.43021590e+00
775      5.62341325e+07    7.51774774e+00    2.37622405e+00
776      5.75439937e+07    7.32236803e+00    2.32337013e+00
777      5.88843655e+07    7.12676712e+00    2.27163398e+00
778      6.02559586e+07    6.93095367e+00    2.22099552e+00
779      6.16595002e+07    6.73493596e+00    2.17143482e+00
780      6.30957344e+07    6.53872187e+00    2.12293205e+00
781      6.45654229e+07    6.34231895e+00    2.07546755e+00
782      6.60693448e+07    6.14573434e+00    2.02902182e+00
783      6.76082975e+07    5.94897488e+00    1.98357554e+00
784      6.91830971e+07    5.75204705e+00    1.93910958e+00
785      7.07945784e+07    5.55495701e+00    1.89560502e+00
786      7.24435960e+07    5.35771063e+00    1.85304315e+00
787      7.41310241e+07    5.16031344e+00    1.81140546e+00
788      7.58577575e+07    4.96277070e+00    1.77067369e+00
789      7.76247117e+07    4.76508739e+00    1.73082982e+00
790      7.94328235e+07    4.56726819e+00    1.69185605e+00
791      8.12830516e+07    4.36931753e+00    1.65373484e+00
792      8.31763771e+07    4.17123958e+00    1.61644890e+00
793      8.51138038e+07    3.97303824e+00    1.57998117e+00
794      8.70963590e+07    3.77471719e+00    1.54431489e+00
795      8.91250938e+07    3.57627985e+00    1.50943353e+00
796      9.12010839e+07    3.37772941e+00    1.47532082e+00
797      9.33254301e+07    3.17906884e+00    1.44196076e+00
798      9.54992586e+07    2.98030089e+00    1.40933762e+00
799      9.77237221e+07    2.78142807e+00    1.37743592e+00
800      1.00000000e+08    2.58245271e+00    1.34624045e+00
801      1.02329299e+08    2.38337690e+00    1.31573627e+00
802      1.04712855e+08    2.18420256e+00    1.28590868e+00
803      1.07151931e+08    1.98493137e+00    1.25674327e+00
804      1.09647820e+08    1.78556485e+00    1.22822588e+00
805      1.12201845e+08    1.58610431e+00    1.20034259e+00
806      1.14815362e+08    1.38655085e+00    1.17307976e+00
807      1.17489755e+08    1.18690540e+00    1.14642400e+00
808      1.20226443e+08    9.87168708e-01    1.12036217e+00
809      1.23026877e+08    7.87341318e-01    1.09488137e+00
810      1.25892541e+08    5.87423596e-01    1.06996896e+00
811      1.28824955e+08    3.87415722e-01    1.04561255e+00
812      1.31825674e+08    1.87317692e-01    1.02179997e+00
813      1.34896288e+08   -1.28706835e-02    9.98519305e-01
814      1.38038426e+08   -2.13149778e-01    9.75758877e-01
815      1.41253754e+08   -4.13520150e-01    9.53507234e-01
816      1.44543977e+08   -6.13982546e-01    9.31753157e-01
817      1.47910839e+08   -8.14537897e-01    9.10485650e-01
818      1.51356125e+08   -1.01518733e+00    8.89693943e-01
819      1.54881662e+08   -1.21593215e+00    8.69367484e-01
820      1.58489319e+08   -1.41677386e+00    8.49495939e-01
821      1.62181010e+08   -1.61771417e+00    8.30069184e-01
822      1.65958691e+08   -1.81875498e+00    8.11077307e-01
823      1.69824365e+08   -2.01989840e+00    7.92510601e-01
824      1.73780083e+08   -2.22114672e+00    7.74359560e-01
825      1.77827941e+08   -2.42250246e+00    7.56614878e-01
826      1.81970086e+08   -2.62396837e+00    7.39267445e-01
827      1.86208714e+08   -2.82554738e+00    7.22308343e-01
828      1.90546072e+08   -3.02724267e+00    7.05728842e-01
829      1.94984460e+08   -3.22905764e+00    6.89520397e-01
830      1.99526231e+08   -3.43099593e+00    6.73674647e-01
831      2.04173794e+08   -3.63306142e+00    6.58183406e-01
832      2.08929613e+08   -3.83525822e+00    6.43038668e-01
833      2.13796209e+08   -4.03759072e+00    6.28232593e-01
834      2.18776162e+08   -4.24006354e+00    6.13757515e-01
835      2.23872114e+08   -4.44268160e+00    5.99605931e-01
836      2.29086765e+08   -4.64545008e+00    5.85770500e-01
837      2.34422882e+08   -4.84837443e+00    5.72244041e-01
838      2.39883292e+08   -5.05146041e+00    5.59019528e-01
839      2.45470892e+08   -5.25471408e+00    5.46090091e-01
840      2.51188643e+08   -5.45814179e+00    5.33449006e-01
841      2.57039578e+08   -5.66175024e+00    5.21089699e-01
842      2.63026799e+08   -5.86554643e+00    5.09005739e-01
843      2.69153480e+08   -6.06953771e+00    4.97190835e-01
844      2.75422870e+08   -6.27373177e+00    4.85638838e-01
845      2.81838293e+08   -6.47813668e+00    4.74343732e-01
846      2.88403150e+08   -6.68276085e+00    4.63299634e-01
847      2.95120923e+08   -6.88761309e+00    4.52500794e-01
848      3.01995172e+08   -7.09270259e+00    4.41941587e-01
849      3.09029543e+08   -7.29803895e+00    4.31616514e-01
850      3.16227766e+08   -7.50363218e+00    4.21520200e-01
851      3.23593657e+08   -7.70949270e+00    4.11647389e-01
852      3.31131121e+08   -7.91563139e+00    4.01992944e-01
853      3.38844156e+08   -8.12205957e+00    3.92551844e-01
854      3.46736850e+08   -8.32878901e+00    3.83319179e-01
855      3.54813389e+08   -8.53583195e+00    3.74290154e-01
856      3.63078055e+08   -8.74320111e+00    3.65460079e-01
857      3.71535229e+08   -8.95090972e+00    3.56824375e-01
858      3.80189396e+08   -9.15897150e+00    3.48378564e-01
859      3.89045145e+08   -9.36740067e+00    3.40118274e-01
860      3.98107171e+08   -9.57621199e+00    3.32039232e-01
861      4.07380278e+08   -9.78542075e+00    3.24137264e-01
862      4.16869383e+08   -9.99504277e+00    3.16408296e-01
863      4.26579519e+08   -1.02050944e+01    3.08848345e-01
864      4.36515832e+08   -1.04155926e+01    3.01453526e-01
865      4.46683592e+08   -1.06265549e+01    2.94220043e-01
866      4.57088190e+08   -1.08379993e+01    2.87144191e-01
867      4.67735141e+08   -1.10499444e+01    2.80222355e-01
868      4.78630092e+08   -1.12624095e+01    2.73451006e-01
869      4.89778819e+08   -1.14754143e+01    2.66826701e-01
870      5.01187234e+08   -1.16889791e+01    2.60346082e-01
871      5.12861384e+08   -1.19031249e+01    2.54005871e-01
872      5.24807460e+08   -1.21178731e+01    2.47802876e-01
873      5.37031796e+08   -1.23332459e+01    2.41733982e-01
874      5.49540874e+08   -1.25492657e+01    2.35796153e-01
875      5.62341325e+08   -1.27659557e+01    2.29986432e-01
876      5.75439937e+08   -1.29833395e+01    2.24301937e-01
877      5.88843655e+08   -1.32014414e+01    2.18739861e-01
878      6.02559586e+08   -1.34202859e+01    2.13297472e-01
879      6.16595002e+08   -1.36398980e+01    2.07972110e-01
880      6.30957344e+08   -1.38603035e+01    2.02761187e-01
881      6.45654229e+08   -1.40815281e+01    1.97662187e-01
882      6.60693448e+08   -1.43035982e+01    1.92672659e-01
883      6.76082975e+08   -1.45265403e+01    1.87790225e-01
884      6.91830971e+08   -1.47503815e+01    1.83012573e-01
885      7.07945784e+08   -1.49751487e+01    1.78337455e-01
886      7.24435960e+08   -1.52008694e+01    1.73762690e-01
887      7.41310241e+08   -1.54275709e+01    1.69286160e-01
888      7.58577575e+08   -1.56552808e+01    1.64905812e-01
889      7.76247117e+08   -1.58840264e+01    1.60619651e-01
890      7.94328235e+08   -1.61138353e+01    1.56425746e-01
891      8.12830516e+08   -1.63447346e+01    1.52322223e-01
892      8.31763771e+08   -1.65767514e+01    1.48307266e-01
893      8.51138038e+08   -1.68099123e+01    1.44379118e-01
894      8.70963590e+08   -1.70442435e+01    1.40536076e-01
895      8.91250938e+08   -1.72797708e+01    1.36776492e-01
896      9.12010839e+08   -1.75165193e+01    1.33098768e-01
897      9.33254301e+08   -1.77545133e+01    1.29501362e-01
898      9.54992586e+08   -1.79937763e+01    1.25982779e-01
899      9.77237221e+08   -1.82343310e+01    1.22541573e-01
900      1.00000000e+09   -1.84761988e+01    1.19176345e-01
901      1.02329299e+09   -1.87194000e+01    1.15885740e-01
902      1.04712855e+09   -1.89639537e+01    1.12668448e-01
903      1.07151931e+09   -1.92098774e+01    1.09523201e-01
904      1.09647820e+09   -1.94571871e+01    1.06448769e-01
905      1.12201845e+09   -1.97058971e+01    1.03443962e-01
906      1.14815362e+09   -1.99560199e+01    1.00507624e-01
907      1.17489755e+09   -2.02075661e+01    9.76386341e-02
908      1.20226443e+09   -2.04605441e+01    9.48359050e-02
909      1.23026877e+09   -2.07149604e+01    9.20983778e-02
910      1.25892541e+09   -2.09708188e+01    8.94250224e-02
911      1.28824955e+09   -2.12281211e+01    8.68148348e-02
912      1.31825674e+09   -2.14868664e+01    8.42668349e-02
913      1.34896288e+09   -2.17470510e+01    8.17800647e-02
914      1.38038426e+09   -2.20086688e+01    7.93535861e-02
915      1.41253754e+09   -2.22717108e+01    7.69864791e-02
916      1.44543977e+09   -2.25361651e+01    7.46778395e-02
917      1.47910839e+09   -2.28020168e+01    7.24267773e-02
918      1.51356125e+09   -2.30692480e+01    7.02324147e-02
919      1.54881662e+09   -2.33378378e+01    6.80938842e-02
920      1.58489319e+09   -2.36077623e+01    6.60103271e-02
921      1.62181010e+09   -2.38789942e+01    6.39808917e-02
922      1.65958691e+09   -2.41515033e+01    6.20047319e-02
923      1.69824365e+09   -2.44252561e+01    6.00810057e-02
924      1.73780083e+09   -2.47002161e+01    5.82088738e-02
925      1.77827941e+09   -2.49763434e+01    5.63874986e-02
926      1.81970086e+09   -2.52535953e+01    5.46160433e-02
927      1.86208714e+09   -2.55319259e+01    5.28936704e-02
928      1.90546072e+09   -2.58112863e+01    5.12195414e-02
929      1.94984460e+09   -2.60916246e+01    4.95928163e-02
930      1.99526231e+09   -2.63728861e+01    4.80126522e-02
931      2.04173794e+09   -2.66550132e+01    4.64782041e-02
932      2.08929613e+09   -2.69379458e+01    4.49886238e-02
933      2.13796209e+09   -2.72216211e+01    4.35430600e-02
934      2.18776162e+09   -2.75059737e+01    4.21406584e-02
935      2.23872114e+09   -2.77909359e+01    4.07805619e-02
936      2.29086765e+09   -2.80764379e+01    3.94619105e-02
937      2.34422882e+09   -2.83624075e+01    3.81838420e-02
938      2.39883292e+09   -2.86487709e+01    3.69454921e-02
939      2.45470892e+09   -2.89354521e+01    3.57459953e-02
940      2.51188643e+09   -2.92223737e+01    3.45844850e-02
941      2.57039578e+09   -2.95094567e+01    3.34600946e-02
942      2.63026799e+09   -2.97966207e+01    3.23719579e-02
943      2.69153480e+09   -3.00837840e+01    3.13192102e-02
944      2.75422870e+09   -3.03708640e+01    3.03009887e-02
945      2.81838293e+09   -3.06577773e+01    2.93164336e-02
946      2.88403150e+09   -3.09444396e+01    2.83646887e-02
947      2.95120923e+09   -3.12307661e+01    2.74449027e-02
948      3.01995172e+09   -3.15166718e+01    2.65562294e-02
949      3.09029543e+09   -3.18020713e+01    2.56978291e-02
950      3.16227766e+09   -3.20868792e+01    2.48688692e-02
951      3.23593657e+09   -3.23710105e+01    2.40685250e-02
952      3.31131121e+09   -3.26543801e+01    2.32959805e-02
953      3.38844156e+09   -3.29369038e+01    2.25504291e-02
954      3.46736850e+09   -3.32184977e+01    2.18310746e-02
955      3.54813389e+09   -3.34990790e+01    2.11371315e-02
956      3.63078055e+09   -3.37785657e+01    2.04678258e-02
957      3.71535229e+09   -3.40568771e+01    1.98223959e-02
958      3.80189396e+09   -3.43339336e+01    1.92000924e-02
959      3.89045145e+09   -3.46096574e+01    1.86001794e-02
960      3.98107171e+09   -3.48839718e+01    1.80219345e-02
961      4.07380278e+09   -3.51568025e+01    1.74646496e-02
962      4.16869383e+09   -3.54280766e+01    1.69276306e-02
963      4.26579519e+09   -3.56977234e+01    1.64101984e-02
964      4.36515832e+09   -3.59656744e+01    1.59116890e-02
965      4.46683592e+09   -3.62318634e+01    1.54314534e-02
966      4.57088190e+09   -3.64962265e+01    1.49688582e-02
967      4.67735141e+09   -3.67587025e+01    1.45232855e-02
968      4.78630092e+09   -3.70192326e+01    1.40941331e-02
969      4.89778819e+09   -3.72777608e+01    1.36808147e-02
970      5.01187234e+09   -3.75342337e+01    1.32827597e-02
971      5.12861384e+09   -3.77886009e+01    1.28994133e-02
972      5.24807460e+09   -3.80408147e+01    1.25302364e-02
973      5.37031796e+09   -3.82908306e+01    1.21747057e-02
974      5.49540874e+09   -3.85386066e+01    1.18323136e-02
975      5.62341325e+09   -3.87841039e+01    1.15025679e-02
976      5.75439937e+09   -3.90272866e+01    1.11849918e-02
977      5.88843655e+09   -3.92681218e+01    1.08791236e-02
978      6.02559586e+09   -3.95065792e+01    1.05845169e-02
979      6.16595002e+09   -3.97426316e+01    1.03007398e-02
980      6.30957344e+09   -3.99762546e+01    1.00273753e-02
981      6.45654229e+09   -4.02074264e+01    9.76402043e-03
982      6.60693448e+09   -4.04361278e+01    9.51028667e-03
983      6.76082975e+09   -4.06623423e+01    9.26579917e-03
984      6.91830971e+09   -4.08860558e+01    9.03019671e-03
985      7.07945784e+09   -4.11072564e+01    8.80313134e-03
986      7.24435960e+09   -4.13259345e+01    8.58426813e-03
987      7.41310241e+09   -4.15420827e+01    8.37328485e-03
988      7.58577575e+09   -4.17556953e+01    8.16987165e-03
989      7.76247117e+09   -4.19667687e+01    7.97373075e-03
990      7.94328235e+09   -4.21753006e+01    7.78457615e-03
991      8.12830516e+09   -4.23812904e+01    7.60213326e-03
992      8.31763771e+09   -4.25847390e+01    7.42613860e-03
993      8.51138038e+09   -4.27856482e+01    7.25633947e-03
994      8.70963590e+09   -4.29840209e+01    7.09249362e-03
995      8.91250938e+09   -4.31798611e+01    6.93436892e-03
996      9.12010839e+09   -4.33731734e+01    6.78174304e-03
997      9.33254301e+09   -4.35639629e+01    6.63440310e-03
998      9.54992586e+09   -4.37522353e+01    6.49214534e-03
999      9.77237221e+09   -4.39379966e+01    6.35477484e-03
1000     1.00000000e+10   -4.41212531e+01    6.22210514e-03
1001     1.02329299e+10   -4.43020109e+01    6.09395797e-03
1002     1.04712855e+10   -4.44802764e+01    5.97016287e-03
1003     1.07151931e+10   -4.46560557e+01    5.85055698e-03
1004     1.09647820e+10   -4.48293549e+01    5.73498461e-03
1005     1.12201845e+10   -4.50001795e+01    5.62329704e-03
1006     1.14815362e+10   -4.51685350e+01    5.51535217e-03
1007     1.17489755e+10   -4.53344265e+01    5.41101424e-03
1008     1.20226443e+10   -4.54978584e+01    5.31015355e-03
1009     1.23026877e+10   -4.56588351e+01    5.21264617e-03
1010     1.25892541e+10   -4.58173602e+01    5.11837366e-03
1011     1.28824955e+10   -4.59734372e+01    5.02722286e-03
1012     1.31825674e+10   -4.61270690e+01    4.93908554e-03
1013     1.34896288e+10   -4.62782582e+01    4.85385823e-03
1014     1.38038426e+10   -4.64270072e+01    4.77144193e-03
1015     1.41253754e+10   -4.65733178e+01    4.69174187e-03
1016     1.44543977e+10   -4.67171920e+01    4.61466733e-03
1017     1.47910839e+10   -4.68586316e+01    4.54013136e-03
1018     1.51356125e+10   -4.69976383e+01    4.46805060e-03
1019     1.54881662e+10   -4.71342141e+01    4.39834506e-03
1020     1.58489319e+10   -4.72683608e+01    4.33093793e-03
1021     1.62181010e+10   -4.74000810e+01    4.26575540e-03
1022     1.65958691e+10   -4.75293775e+01    4.20272647e-03
1023     1.69824365e+10   -4.76562537e+01    4.14178275e-03
1024     1.73780083e+10   -4.77807137e+01    4.08285835e-03
1025     1.77827941e+10   -4.79027626e+01    4.02588968e-03
1026     1.81970086e+10   -4.80224062e+01    3.97081533e-03
1027     1.86208714e+10   -4.81396516e+01    3.91757590e-03
1028     1.90546072e+10   -4.82545071e+01    3.86611390e-03
1029     1.94984460e+10   -4.83669824e+01    3.81637358e-03
1030     1.99526231e+10   -4.84770886e+01    3.76830087e-03
1031     2.04173794e+10   -4.85848385e+01    3.72184322e-03
1032     2.08929613e+10   -4.86902466e+01    3.67694954e-03
1033     2.13796209e+10   -4.87933293e+01    3.63357004e-03
1034     2.18776162e+10   -4.88941048e+01    3.59165622e-03
1035     2.23872114e+10   -4.89925935e+01    3.55116071e-03
1036     2.29086765e+10   -4.90888177e+01    3.51203727e-03
1037     2.34422882e+10   -4.91828021e+01    3.47424063e-03
1038     2.39883292e+10   -4.92745735e+01    3.43772652e-03
1039     2.45470892e+10   -4.93641611e+01    3.40245151e-03
1040     2.51188643e+10   -4.94515963e+01    3.36837304e-03
1041     2.57039578e+10   -4.95369131e+01    3.33544932e-03
1042     2.63026799e+10   -4.96201476e+01    3.30363929e-03
1043     2.69153480e+10   -4.97013385e+01    3.27290257e-03
1044     2.75422870e+10   -4.97805268e+01    3.24319945e-03
1045     2.81838293e+10   -4.98577562e+01    3.21449083e-03
1046     2.88403150e+10   -4.99330723e+01    3.18673818e-03
1047     2.95120923e+10   -5.00065235e+01    3.15990352e-03
1048     3.01995172e+10   -5.00781604e+01    3.13394939e-03
1049     3.09029543e+10   -5.01480358e+01    3.10883883e-03
1050     3.16227766e+10   -5.02162050e+01    3.08453534e-03
1051     3.23593657e+10   -5.02827253e+01    3.06100286e-03
1052     3.31131121e+10   -5.03476563e+01    3.03820577e-03
1053     3.38844156e+10   -5.04110597e+01    3.01610886e-03
1054     3.46736850e+10   -5.04729994e+01    2.99467729e-03
1055     3.54813389e+10   -5.05335411e+01    2.97387660e-03
1056     3.63078055e+10   -5.05927526e+01    2.95367269e-03
1057     3.71535229e+10   -5.06507036e+01    2.93403181e-03
1058     3.80189396e+10   -5.07074656e+01    2.91492052e-03
1059     3.89045145e+10   -5.07631119e+01    2.89630573e-03
1060     3.98107171e+10   -5.08177175e+01    2.87815463e-03
1061     4.07380278e+10   -5.08713591e+01    2.86043474e-03
1062     4.16869383e+10   -5.09241150e+01    2.84311386e-03
1063     4.26579519e+10   -5.09760648e+01    2.82616009e-03
1064     4.36515832e+10   -5.10272900e+01    2.80954181e-03
1065     4.46683592e+10   -5.10778731e+01    2.79322772e-03
1066     4.57088190e+10   -5.11278983e+01    2.77718677e-03
1067     4.67735141e+10   -5.11774506e+01    2.76138822e-03
1068     4.78630092e+10   -5.12266168e+01    2.74580165e-03
1069     4.89778819e+10   -5.12754843e+01    2.73039693e-03
1070     5.01187234e+10   -5.13241418e+01    2.71514426e-03
1071     5.12861384e+10   -5.13726791e+01    2.70001418e-03
1072     5.24807460e+10   -5.14211867e+01    2.68497758e-03
1073     5.37031796e+10   -5.14697561e+01    2.67000574e-03
1074     5.49540874e+10   -5.15184794e+01    2.65507033e-03
1075     5.62341325e+10   -5.15674495e+01    2.64014347e-03
1076     5.75439937e+10   -5.16167597e+01    2.62519771e-03
1077     5.88843655e+10   -5.16665039e+01    2.61020614e-03
1078     6.02559586e+10   -5.17167763e+01    2.59514235e-03
1079     6.16595002e+10   -5.17676714e+01    2.57998055e-03
1080     6.30957344e+10   -5.18192837e+01    2.56469552e-03
1081     6.45654229e+10   -5.18717079e+01    2.54926277e-03
1082     6.60693448e+10   -5.19250385e+01    2.53365849e-03
1083     6.76082975e+10   -5.19793696e+01    2.51785966e-03
1084     6.91830971e+10   -5.20347952e+01    2.50184409e-03
1085     7.07945784e+10   -5.20914084e+01    2.48559048e-03
1086     7.24435960e+10   -5.21493021e+01    2.46907848e-03
1087     7.41310241e+10   -5.22085679e+01    2.45228874e-03
1088     7.58577575e+10   -5.22692967e+01    2.43520296e-03
1089     7.76247117e+10   -5.23315782e+01    2.41780398e-03
1090     7.94328235e+10   -5.23955008e+01    2.40007581e-03
1091     8.12830516e+10   -5.24611513e+01    2.38200372e-03
1092     8.31763771e+10   -5.25286151e+01    2.36357423e-03
1093     8.51138038e+10   -5.25979756e+01    2.34477525e-03
1094     8.70963590e+10   -5.26693144e+01    2.32559605e-03
1095     8.91250938e+10   -5.27427110e+01    2.30602734e-03
1096     9.12010839e+10   -5.28182425e+01    2.28606133e-03
1097     9.33254301e+10   -5.28959837e+01    2.26569171e-03
1098     9.54992586e+10   -5.29760069e+01    2.24491373e-03
1099     9.77237221e+10   -5.30583815e+01    2.22372421e-03
1100     1.00000000e+11   -5.31431743e+01    2.20212153e-03
End of Xyce(TM) Simulation
